data;

param num_station_locations := 20 ;
param num_demand_hotspots := 29 ;

param num_to_build := 12 ;
param budget := 30;

# `num_demand_hotspots` rows, `num_types` columns
# Select, then !cat -n
param demand := 
     1	1.41890
     2	1.15293
     3	2.17889
     4	1.17269
     5	1.52162
     6	0.01898
     7	0.52138
     8	0.68318
     9	0.73289
    10	0.07376
    11	0.20053
    12	0.83867
    13	1.04141
    14	1.80008
    15	0.19472
    16	1.95356
    17	0.91956
    18	0.88440
    19	0.12503
    20	0.12979
    21	1.30764
    22	1.34179
    23	0.69638
    24	1.48428
    25	1.26862
    26	1.52705
    27	1.19803
    28	0.53990
    29	2.07336
;              

# `num_station_locations` rows, `num_demand_hotspots` columns
param distance :1       2       3       4       5       6       7       8       9       10      11      12      13      14      15      16      17      18      19      20      21      22      23      24      25      26      27      28      29      :=
        1       36.2	44.8	18.7	12.7	27	48.4	37.1	2.4	25.9	36.6	63.7	16.5	24.2	5	58.1	10.2	27.7	28.7	40	36.1	32.5	30.6	23.1	20.6	30.2	26.1	32.6	38.8	2
        2       28.3	33.2	19.4	19.7	28.6	27.4	30.4	30.6	23.3	27.2	35.7	19.6	24.1	27.6	35.6	21	24.8	22.9	32.5	28.8	30.5	29.2	24.8	18.3	24.7	24.3	26.7	30.4	28
        3       26.9	35	9.9	1.8	16.8	44.5	31.1	12.7	21.9	27.1	54.9	5	15.3	4.1	54.8	2.7	18.9	20.9	35.2	28.4	24.7	22.8	14.3	11.8	21.3	16.9	24.9	29.9	11.1
        4       25.8	31.7	7.9	7.7	18	38.9	36.6	15.9	21.7	30.8	49.3	6.1	13.3	10.1	49.2	6.5	17.5	19	36.1	25.5	23.2	21.3	12.4	10	19.3	15.9	24.3	27.9	13.8
        5       22.1	28.9	2.6	16.2	24.6	30.3	32.3	26.1	16.8	26.5	38.5	13.3	18.5	21.4	38.5	19.5	24.1	18.8	31.8	28	26.5	22.6	17.5	15.6	21.4	20.9	23.3	27	25
        6       18.3	20.2	7.2	5.5	8.3	41.3	25.1	17.8	12.6	21	43.6	1.8	6.6	9.9	44.3	9.3	12.8	16.4	31.1	20.5	20.3	18.3	5.4	3.6	15.9	11.2	19.5	24.5	17
        7       18	21.3	8	13.5	9.9	34.5	17.2	23.4	12	14	37.6	10.6	7.9	18.7	37.5	14.9	9.2	9.7	24.5	15.5	15	13.1	8.7	8.3	11.5	9.2	13.4	20.4	22.2
        8       17.7	21.7	7.5	14.8	8.2	34.2	16.2	24.7	11	13	37.3	11.9	4.7	19.9	37.2	16.2	7.6	9.6	24.1	14.5	13.4	11.5	5.5	6	10	6	12.4	18.6	23.5
        9       12.1	19.1	7.9	17.4	7.2	34.6	16.6	24.2	9.5	13.4	48.1	11.5	4.2	19.6	37.6	18.8	6.6	8.6	24.6	14.7	12.4	10.5	5	5.5	9	4.9	12.7	17.6	23
        10      12.2	19.1	11	14.6	1.6	39.7	14.5	27.8	8.1	12.4	42.8	8.3	0.6	19.9	42.6	16	3.7	5.7	15.5	11.8	9.5	7.6	2.8	4.3	7	1.9	9.8	15	26.6
        11      11	18.8	9.8	16.6	0.7	38.6	13.2	26.6	6.9	11.1	42.6	12.7	2.1	20.8	43.7	18	2.5	4.5	17.2	10.6	8.3	6.4	3.4	5.2	6.1	1	8.6	13.8	25.4
        12      12.2	16	14.7	21.5	9.6	30.6	14.7	31.5	10.2	11.5	41.6	21.3	10.1	27.3	33.6	22.5	9.1	7.2	20.5	13.1	11.5	10.2	11.9	12	4.9	8.6	11	14.7	30
        13      13.1	17.1	15.5	22.6	10.4	29.8	16.9	32.5	10.9	12.5	33.6	18.3	8	27.3	32.5	23.5	9.8	8.2	16.4	15.5	12.6	11.3	12.8	12.7	9.1	9.3	11.7	15.7	31.1
        14      9.4	18.1	11.6	18.3	6.5	34.7	11.8	28.2	7.2	8.6	32.5	15.4	8.1	23.5	37.6	19.7	4.3	4.3	15	11.6	10.1	8.2	9.3	12.6	9.8	5.5	8	11.8	27.1
        15      6	12.5	15.7	20.1	6.6	37.1	8.6	30.1	4.1	5.4	37.7	18.8	11.2	26.9	38.9	21.4	5.6	4.2	11.8	7	5.5	3.7	9.4	14.4	6.1	7.4	4.9	8.6	28.9
        16      5.7	8.1	18.5	26.3	14.4	36.2	7.8	36.2	7.2	5.7	38.9	23.4	14.6	28.7	39.2	27.2	8	7.6	7.3	7.3	8.6	6.9	12.5	16.7	6	10.8	6.2	8.1	35.1
        17      5.4	7.6	22.2	27.7	13.1	48.1	4.3	37.7	7.4	4.5	39.2	24.9	13.8	32.9	51.1	29.1	11.1	10.2	6.6	4.4	6.1	8.2	15.9	17.7	9.2	15.3	7	8.8	36.5
        18      3.9	5.7	21.4	27	12.3	45.4	3.4	37	6.6	3.6	51.1	24.1	13.8	32.2	48.8	28.4	9.8	9.5	4.3	2.9	5.4	6.9	15.1	17.3	9	14.5	5.5	1.4	35.8
        19      3.2	4.6	22.5	28.1	13.5	44.3	2.3	38.1	6	3.3	48.9	25.2	14.9	33.3	47.3	29.5	10	9.7	3.1	2.6	5.1	7.6	16.2	18.4	8.7	15.6	5.2	1	36.9
        20      6.5	1.3	25.4	33.3	21.4	43.2	3.1	43.3	9	7	47.3	30.4	19.9	38.5	46.2	34.2	12.7	16.3	1.7	6.4	11.1	9.8	23.2	23.8	11.2	20.4	7.5	6	41.6
;
